# id: Particle id
# t: time in code units
# a: semi-major axis in code units
# e: eccentricity 
# i: inclination in rad [0, pi]
# Omega: longitude of ascending node in rad [0, 2pi]
# omega: argument of pericentre in rad [0, 2pi]
# f: true anomaly in rad [0, 2pi]
# P: period in code units
# E: eccentric anomaly in rad [0, 2pi]
# M: mean anomaly in rad [0, 2pi]
#id   t              a              e              i              Omega          omega          f              P              E              M           
1     0.000000e+00   1.000000e+00   3.336989e-16   0.000000e+00   0.000000e+00   0.000000e+00   5.000000e-01   1.000000e+00   5.000000e-01   5.000000e-01
1     9.993926e-01   1.000000e+00   1.002434e-10   0.000000e+00   0.000000e+00   0.000000e+00   4.961834e-01   1.000000e+00   4.961834e-01   4.961834e-01
1     1.999492e+00   1.000000e+00   1.002905e-10   0.000000e+00   0.000000e+00   0.000000e+00   4.968064e-01   1.000000e+00   4.968064e-01   4.968064e-01
1     2.999573e+00   1.000000e+00   9.994008e-11   0.000000e+00   0.000000e+00   0.000000e+00   4.973164e-01   1.000000e+00   4.973164e-01   4.973164e-01
1     3.999651e+00   1.000000e+00   9.981512e-11   0.000000e+00   0.000000e+00   0.000000e+00   4.978064e-01   1.000000e+00   4.978064e-01   4.978064e-01
1     4.999728e+00   1.000000e+00   9.974213e-11   0.000000e+00   0.000000e+00   0.000000e+00   4.982923e-01   1.000000e+00   4.982923e-01   4.982923e-01
1     5.999805e+00   1.000000e+00   9.966902e-11   0.000000e+00   0.000000e+00   0.000000e+00   4.987772e-01   1.000000e+00   4.987772e-01   4.987772e-01
1     6.999883e+00   1.000000e+00   9.985515e-11   0.000000e+00   0.000000e+00   0.000000e+00   4.992618e-01   1.000000e+00   4.992618e-01   4.992618e-01
1     7.999960e+00   1.000000e+00   1.001331e-10   0.000000e+00   0.000000e+00   0.000000e+00   4.997465e-01   1.000000e+00   4.997465e-01   4.997465e-01
1     8.999416e+00   1.000000e+00   1.004150e-10   0.000000e+00   0.000000e+00   0.000000e+00   4.963304e-01   1.000000e+00   4.963304e-01   4.963304e-01
1     9.999493e+00   1.000000e+00   1.005392e-10   0.000000e+00   0.000000e+00   0.000000e+00   4.968138e-01   1.000000e+00   4.968138e-01   4.968138e-01
1     1.099957e+01   1.000000e+00   1.006598e-10   0.000000e+00   0.000000e+00   0.000000e+00   4.972995e-01   1.000000e+00   4.972995e-01   4.972995e-01
1     1.199965e+01   1.000000e+00   1.008215e-10   0.000000e+00   0.000000e+00   0.000000e+00   4.977842e-01   1.000000e+00   4.977842e-01   4.977842e-01
1     1.299972e+01   1.000000e+00   1.008679e-10   0.000000e+00   0.000000e+00   0.000000e+00   4.982687e-01   1.000000e+00   4.982687e-01   4.982687e-01
1     1.399980e+01   1.000000e+00   1.007729e-10   0.000000e+00   0.000000e+00   0.000000e+00   4.987533e-01   1.000000e+00   4.987533e-01   4.987533e-01
1     1.499988e+01   1.000000e+00   1.004510e-10   0.000000e+00   0.000000e+00   0.000000e+00   4.992378e-01   1.000000e+00   4.992378e-01   4.992378e-01
1     1.599996e+01   1.000000e+00   1.005738e-10   0.000000e+00   0.000000e+00   0.000000e+00   4.997224e-01   1.000000e+00   4.997224e-01   4.997224e-01
1     1.699941e+01   1.000000e+00   1.006481e-10   0.000000e+00   0.000000e+00   0.000000e+00   4.963065e-01   1.000000e+00   4.963065e-01   4.963065e-01
1     1.799949e+01   1.000000e+00   1.008012e-10   0.000000e+00   0.000000e+00   0.000000e+00   4.967910e-01   1.000000e+00   4.967910e-01   4.967910e-01
1     1.899957e+01   1.000000e+00   1.008159e-10   0.000000e+00   0.000000e+00   0.000000e+00   4.972755e-01   1.000000e+00   4.972755e-01   4.972755e-01
1     1.999964e+01   1.000000e+00   1.011096e-10   0.000000e+00   0.000000e+00   0.000000e+00   4.977602e-01   1.000000e+00   4.977602e-01   4.977602e-01
1     2.099972e+01   1.000000e+00   1.009702e-10   0.000000e+00   0.000000e+00   0.000000e+00   4.982446e-01   1.000000e+00   4.982446e-01   4.982446e-01
1     2.199980e+01   1.000000e+00   1.012247e-10   0.000000e+00   0.000000e+00   0.000000e+00   4.987292e-01   1.000000e+00   4.987292e-01   4.987292e-01
1     2.299987e+01   1.000000e+00   1.015029e-10   0.000000e+00   0.000000e+00   0.000000e+00   4.992137e-01   1.000000e+00   4.992137e-01   4.992137e-01
1     2.399995e+01   1.000000e+00   1.017332e-10   0.000000e+00   0.000000e+00   0.000000e+00   4.996983e-01   1.000000e+00   4.996983e-01   4.996983e-01
1     2.499941e+01   1.000000e+00   1.018859e-10   0.000000e+00   0.000000e+00   0.000000e+00   4.962823e-01   1.000000e+00   4.962823e-01   4.962823e-01
1     2.599949e+01   1.000000e+00   1.019727e-10   0.000000e+00   0.000000e+00   0.000000e+00   4.967669e-01   1.000000e+00   4.967669e-01   4.967669e-01
1     2.699956e+01   1.000000e+00   1.020539e-10   0.000000e+00   0.000000e+00   0.000000e+00   4.972514e-01   1.000000e+00   4.972514e-01   4.972514e-01
1     2.799964e+01   1.000000e+00   1.020790e-10   0.000000e+00   0.000000e+00   0.000000e+00   4.977360e-01   1.000000e+00   4.977360e-01   4.977360e-01
1     2.899972e+01   1.000000e+00   1.020972e-10   0.000000e+00   0.000000e+00   0.000000e+00   4.982205e-01   1.000000e+00   4.982205e-01   4.982205e-01
1     2.999979e+01   1.000000e+00   1.021311e-10   0.000000e+00   0.000000e+00   0.000000e+00   4.987051e-01   1.000000e+00   4.987051e-01   4.987051e-01
1     3.099987e+01   1.000000e+00   1.022044e-10   0.000000e+00   0.000000e+00   0.000000e+00   4.991896e-01   1.000000e+00   4.991896e-01   4.991896e-01
1     3.199995e+01   1.000000e+00   1.022805e-10   0.000000e+00   0.000000e+00   0.000000e+00   4.996742e-01   1.000000e+00   4.996742e-01   4.996742e-01
1     3.299940e+01   1.000000e+00   1.023459e-10   0.000000e+00   0.000000e+00   0.000000e+00   4.962582e-01   1.000000e+00   4.962582e-01   4.962582e-01
1     3.399948e+01   1.000000e+00   1.024512e-10   0.000000e+00   0.000000e+00   0.000000e+00   4.967428e-01   1.000000e+00   4.967428e-01   4.967428e-01
1     3.499956e+01   1.000000e+00   1.025900e-10   0.000000e+00   0.000000e+00   0.000000e+00   4.972273e-01   1.000000e+00   4.972273e-01   4.972273e-01
1     3.599964e+01   1.000000e+00   1.027513e-10   0.000000e+00   0.000000e+00   0.000000e+00   4.977119e-01   1.000000e+00   4.977119e-01   4.977119e-01
1     3.699971e+01   1.000000e+00   1.029030e-10   0.000000e+00   0.000000e+00   0.000000e+00   4.981964e-01   1.000000e+00   4.981964e-01   4.981964e-01
1     3.799979e+01   1.000000e+00   1.030501e-10   0.000000e+00   0.000000e+00   0.000000e+00   4.986810e-01   1.000000e+00   4.986810e-01   4.986810e-01
1     3.899987e+01   1.000000e+00   1.032052e-10   0.000000e+00   0.000000e+00   0.000000e+00   4.991655e-01   1.000000e+00   4.991655e-01   4.991655e-01
1     3.999994e+01   1.000000e+00   1.034166e-10   0.000000e+00   0.000000e+00   0.000000e+00   4.996501e-01   1.000000e+00   4.996501e-01   4.996501e-01
1     4.099940e+01   1.000000e+00   1.036051e-10   0.000000e+00   0.000000e+00   0.000000e+00   4.962341e-01   1.000000e+00   4.962341e-01   4.962341e-01
1     4.199948e+01   1.000000e+00   1.038056e-10   0.000000e+00   0.000000e+00   0.000000e+00   4.967187e-01   1.000000e+00   4.967187e-01   4.967187e-01
1     4.299955e+01   1.000000e+00   1.040039e-10   0.000000e+00   0.000000e+00   0.000000e+00   4.972032e-01   1.000000e+00   4.972032e-01   4.972032e-01
1     4.399963e+01   1.000000e+00   1.041736e-10   0.000000e+00   0.000000e+00   0.000000e+00   4.976878e-01   1.000000e+00   4.976878e-01   4.976878e-01
1     4.499971e+01   1.000000e+00   1.043499e-10   0.000000e+00   0.000000e+00   0.000000e+00   4.981723e-01   1.000000e+00   4.981723e-01   4.981723e-01
1     4.599979e+01   1.000000e+00   1.045528e-10   0.000000e+00   0.000000e+00   0.000000e+00   4.986569e-01   1.000000e+00   4.986569e-01   4.986569e-01
1     4.699986e+01   1.000000e+00   1.047709e-10   0.000000e+00   0.000000e+00   0.000000e+00   4.991414e-01   1.000000e+00   4.991414e-01   4.991414e-01
1     4.799994e+01   1.000000e+00   1.049900e-10   0.000000e+00   0.000000e+00   0.000000e+00   4.996260e-01   1.000000e+00   4.996260e-01   4.996260e-01
1     4.899940e+01   1.000000e+00   1.052184e-10   0.000000e+00   0.000000e+00   0.000000e+00   4.962100e-01   1.000000e+00   4.962100e-01   4.962100e-01
1     4.999947e+01   1.000000e+00   1.054676e-10   0.000000e+00   0.000000e+00   0.000000e+00   4.966946e-01   1.000000e+00   4.966946e-01   4.966946e-01
1     5.099955e+01   1.000000e+00   1.057097e-10   0.000000e+00   0.000000e+00   0.000000e+00   4.971791e-01   1.000000e+00   4.971791e-01   4.971791e-01
1     5.199963e+01   1.000000e+00   1.059217e-10   0.000000e+00   0.000000e+00   0.000000e+00   4.976637e-01   1.000000e+00   4.976637e-01   4.976637e-01
1     5.299971e+01   1.000000e+00   1.061387e-10   0.000000e+00   0.000000e+00   0.000000e+00   4.981482e-01   1.000000e+00   4.981482e-01   4.981482e-01
1     5.399978e+01   1.000000e+00   1.063222e-10   0.000000e+00   0.000000e+00   0.000000e+00   4.986328e-01   1.000000e+00   4.986328e-01   4.986328e-01
1     5.499986e+01   1.000000e+00   1.065041e-10   0.000000e+00   0.000000e+00   0.000000e+00   4.991173e-01   1.000000e+00   4.991173e-01   4.991173e-01
1     5.599994e+01   1.000000e+00   1.066919e-10   0.000000e+00   0.000000e+00   0.000000e+00   4.996019e-01   1.000000e+00   4.996019e-01   4.996019e-01
1     5.699939e+01   1.000000e+00   1.068335e-10   0.000000e+00   0.000000e+00   0.000000e+00   4.961859e-01   1.000000e+00   4.961859e-01   4.961859e-01
1     5.799947e+01   1.000000e+00   1.070133e-10   0.000000e+00   0.000000e+00   0.000000e+00   4.966705e-01   1.000000e+00   4.966705e-01   4.966705e-01
1     5.899955e+01   1.000000e+00   1.071799e-10   0.000000e+00   0.000000e+00   0.000000e+00   4.971550e-01   1.000000e+00   4.971550e-01   4.971550e-01
1     5.999962e+01   1.000000e+00   1.073127e-10   0.000000e+00   0.000000e+00   0.000000e+00   4.976396e-01   1.000000e+00   4.976396e-01   4.976396e-01
1     6.099970e+01   1.000000e+00   1.074902e-10   0.000000e+00   0.000000e+00   0.000000e+00   4.981241e-01   1.000000e+00   4.981241e-01   4.981241e-01
1     6.199978e+01   1.000000e+00   1.076412e-10   0.000000e+00   0.000000e+00   0.000000e+00   4.986086e-01   1.000000e+00   4.986086e-01   4.986086e-01
1     6.299986e+01   1.000000e+00   1.078160e-10   0.000000e+00   0.000000e+00   0.000000e+00   4.990932e-01   1.000000e+00   4.990932e-01   4.990932e-01
1     6.399993e+01   1.000000e+00   1.079764e-10   0.000000e+00   0.000000e+00   0.000000e+00   4.995777e-01   1.000000e+00   4.995777e-01   4.995777e-01
1     6.499939e+01   1.000000e+00   1.081715e-10   0.000000e+00   0.000000e+00   0.000000e+00   4.961618e-01   1.000000e+00   4.961618e-01   4.961618e-01
1     6.599947e+01   1.000000e+00   1.083524e-10   0.000000e+00   0.000000e+00   0.000000e+00   4.966464e-01   1.000000e+00   4.966464e-01   4.966464e-01
1     6.699954e+01   1.000000e+00   1.085230e-10   0.000000e+00   0.000000e+00   0.000000e+00   4.971309e-01   1.000000e+00   4.971309e-01   4.971309e-01
1     6.799962e+01   1.000000e+00   1.086778e-10   0.000000e+00   0.000000e+00   0.000000e+00   4.976154e-01   1.000000e+00   4.976154e-01   4.976154e-01
1     6.899970e+01   1.000000e+00   1.088546e-10   0.000000e+00   0.000000e+00   0.000000e+00   4.981000e-01   1.000000e+00   4.981000e-01   4.981000e-01
1     6.999977e+01   1.000000e+00   1.090251e-10   0.000000e+00   0.000000e+00   0.000000e+00   4.985845e-01   1.000000e+00   4.985845e-01   4.985845e-01
1     7.099985e+01   1.000000e+00   1.092173e-10   0.000000e+00   0.000000e+00   0.000000e+00   4.990691e-01   1.000000e+00   4.990691e-01   4.990691e-01
1     7.199993e+01   1.000000e+00   1.093875e-10   0.000000e+00   0.000000e+00   0.000000e+00   4.995536e-01   1.000000e+00   4.995536e-01   4.995536e-01
1     7.299939e+01   1.000000e+00   1.095737e-10   0.000000e+00   0.000000e+00   0.000000e+00   4.961377e-01   1.000000e+00   4.961377e-01   4.961377e-01
1     7.399946e+01   1.000000e+00   1.097561e-10   0.000000e+00   0.000000e+00   0.000000e+00   4.966222e-01   1.000000e+00   4.966222e-01   4.966222e-01
1     7.499954e+01   1.000000e+00   1.099337e-10   0.000000e+00   0.000000e+00   0.000000e+00   4.971068e-01   1.000000e+00   4.971068e-01   4.971068e-01
1     7.599962e+01   1.000000e+00   1.101143e-10   0.000000e+00   0.000000e+00   0.000000e+00   4.975913e-01   1.000000e+00   4.975913e-01   4.975913e-01
1     7.699969e+01   1.000000e+00   1.102949e-10   0.000000e+00   0.000000e+00   0.000000e+00   4.980759e-01   1.000000e+00   4.980759e-01   4.980759e-01
1     7.799977e+01   1.000000e+00   1.104723e-10   0.000000e+00   0.000000e+00   0.000000e+00   4.985604e-01   1.000000e+00   4.985604e-01   4.985604e-01
1     7.899985e+01   1.000000e+00   1.106556e-10   0.000000e+00   0.000000e+00   0.000000e+00   4.990450e-01   1.000000e+00   4.990450e-01   4.990450e-01
1     7.999993e+01   1.000000e+00   1.108320e-10   0.000000e+00   0.000000e+00   0.000000e+00   4.995295e-01   1.000000e+00   4.995295e-01   4.995295e-01
1     8.099938e+01   1.000000e+00   1.110059e-10   0.000000e+00   0.000000e+00   0.000000e+00   4.961136e-01   1.000000e+00   4.961136e-01   4.961136e-01
1     8.199946e+01   1.000000e+00   1.111705e-10   0.000000e+00   0.000000e+00   0.000000e+00   4.965981e-01   1.000000e+00   4.965981e-01   4.965981e-01
1     8.299954e+01   1.000000e+00   1.113362e-10   0.000000e+00   0.000000e+00   0.000000e+00   4.970827e-01   1.000000e+00   4.970827e-01   4.970827e-01
1     8.399961e+01   1.000000e+00   1.114955e-10   0.000000e+00   0.000000e+00   0.000000e+00   4.975672e-01   1.000000e+00   4.975672e-01   4.975672e-01
1     8.499969e+01   1.000000e+00   1.116460e-10   0.000000e+00   0.000000e+00   0.000000e+00   4.980518e-01   1.000000e+00   4.980518e-01   4.980518e-01
1     8.599977e+01   1.000000e+00   1.117975e-10   0.000000e+00   0.000000e+00   0.000000e+00   4.985363e-01   1.000000e+00   4.985363e-01   4.985363e-01
1     8.699984e+01   1.000000e+00   1.119439e-10   0.000000e+00   0.000000e+00   0.000000e+00   4.990208e-01   1.000000e+00   4.990208e-01   4.990208e-01
1     8.799992e+01   1.000000e+00   1.120717e-10   0.000000e+00   0.000000e+00   0.000000e+00   4.995054e-01   1.000000e+00   4.995054e-01   4.995054e-01
1     8.900000e+01   1.000000e+00   1.122057e-10   0.000000e+00   0.000000e+00   0.000000e+00   4.999899e-01   1.000000e+00   4.999899e-01   4.999899e-01
1     8.999945e+01   1.000000e+00   1.123424e-10   0.000000e+00   0.000000e+00   0.000000e+00   4.965740e-01   1.000000e+00   4.965740e-01   4.965740e-01
1     9.099953e+01   1.000000e+00   1.124714e-10   0.000000e+00   0.000000e+00   0.000000e+00   4.970585e-01   1.000000e+00   4.970585e-01   4.970585e-01
1     9.199961e+01   1.000000e+00   1.126029e-10   0.000000e+00   0.000000e+00   0.000000e+00   4.975431e-01   1.000000e+00   4.975431e-01   4.975431e-01
1     9.299969e+01   1.000000e+00   1.127343e-10   0.000000e+00   0.000000e+00   0.000000e+00   4.980276e-01   1.000000e+00   4.980276e-01   4.980276e-01
1     9.399976e+01   1.000000e+00   1.128551e-10   0.000000e+00   0.000000e+00   0.000000e+00   4.985122e-01   1.000000e+00   4.985122e-01   4.985122e-01
1     9.499984e+01   1.000000e+00   1.129832e-10   0.000000e+00   0.000000e+00   0.000000e+00   4.989967e-01   1.000000e+00   4.989967e-01   4.989967e-01
1     9.599992e+01   1.000000e+00   1.131096e-10   0.000000e+00   0.000000e+00   0.000000e+00   4.994813e-01   1.000000e+00   4.994813e-01   4.994813e-01
1     9.699999e+01   1.000000e+00   1.132427e-10   0.000000e+00   0.000000e+00   0.000000e+00   4.999658e-01   1.000000e+00   4.999658e-01   4.999658e-01
1     9.799945e+01   1.000000e+00   1.133736e-10   0.000000e+00   0.000000e+00   0.000000e+00   4.965499e-01   1.000000e+00   4.965499e-01   4.965499e-01
1     9.899953e+01   1.000000e+00   1.134981e-10   0.000000e+00   0.000000e+00   0.000000e+00   4.970344e-01   1.000000e+00   4.970344e-01   4.970344e-01
1     9.999961e+01   1.000000e+00   1.136266e-10   0.000000e+00   0.000000e+00   0.000000e+00   4.975190e-01   1.000000e+00   4.975190e-01   4.975190e-01
1     1.009997e+02   1.000000e+00   1.137592e-10   0.000000e+00   0.000000e+00   0.000000e+00   4.980035e-01   1.000000e+00   4.980035e-01   4.980035e-01
1     1.019998e+02   1.000000e+00   1.139028e-10   0.000000e+00   0.000000e+00   0.000000e+00   4.984880e-01   1.000000e+00   4.984880e-01   4.984880e-01
1     1.029998e+02   1.000000e+00   1.140406e-10   0.000000e+00   0.000000e+00   0.000000e+00   4.989726e-01   1.000000e+00   4.989726e-01   4.989726e-01
1     1.039999e+02   1.000000e+00   1.141741e-10   0.000000e+00   0.000000e+00   0.000000e+00   4.994571e-01   1.000000e+00   4.994571e-01   4.994571e-01
1     1.050000e+02   1.000000e+00   1.143152e-10   0.000000e+00   0.000000e+00   0.000000e+00   4.999417e-01   1.000000e+00   4.999417e-01   4.999417e-01
1     1.059994e+02   1.000000e+00   1.144628e-10   0.000000e+00   0.000000e+00   0.000000e+00   4.965257e-01   1.000000e+00   4.965257e-01   4.965257e-01
1     1.069995e+02   1.000000e+00   1.146083e-10   0.000000e+00   0.000000e+00   0.000000e+00   4.970103e-01   1.000000e+00   4.970103e-01   4.970103e-01
1     1.079996e+02   1.000000e+00   1.147572e-10   0.000000e+00   0.000000e+00   0.000000e+00   4.974948e-01   1.000000e+00   4.974948e-01   4.974948e-01
1     1.089997e+02   1.000000e+00   1.149033e-10   0.000000e+00   0.000000e+00   0.000000e+00   4.979794e-01   1.000000e+00   4.979794e-01   4.979794e-01
1     1.099998e+02   1.000000e+00   1.150514e-10   0.000000e+00   0.000000e+00   0.000000e+00   4.984639e-01   1.000000e+00   4.984639e-01   4.984639e-01
1     1.109998e+02   1.000000e+00   1.151996e-10   0.000000e+00   0.000000e+00   0.000000e+00   4.989485e-01   1.000000e+00   4.989485e-01   4.989485e-01
1     1.119999e+02   1.000000e+00   1.153512e-10   0.000000e+00   0.000000e+00   0.000000e+00   4.994330e-01   1.000000e+00   4.994330e-01   4.994330e-01
1     1.130000e+02   1.000000e+00   1.154916e-10   0.000000e+00   0.000000e+00   0.000000e+00   4.999176e-01   1.000000e+00   4.999176e-01   4.999176e-01
1     1.139994e+02   1.000000e+00   1.156299e-10   0.000000e+00   0.000000e+00   0.000000e+00   4.965016e-01   1.000000e+00   4.965016e-01   4.965016e-01
1     1.149995e+02   1.000000e+00   1.157723e-10   0.000000e+00   0.000000e+00   0.000000e+00   4.969862e-01   1.000000e+00   4.969862e-01   4.969862e-01
1     1.159996e+02   1.000000e+00   1.159177e-10   0.000000e+00   0.000000e+00   0.000000e+00   4.974707e-01   1.000000e+00   4.974707e-01   4.974707e-01
1     1.169997e+02   1.000000e+00   1.160612e-10   0.000000e+00   0.000000e+00   0.000000e+00   4.979552e-01   1.000000e+00   4.979552e-01   4.979552e-01
1     1.179998e+02   1.000000e+00   1.162025e-10   0.000000e+00   0.000000e+00   0.000000e+00   4.984398e-01   1.000000e+00   4.984398e-01   4.984398e-01
1     1.189998e+02   1.000000e+00   1.163392e-10   0.000000e+00   0.000000e+00   0.000000e+00   4.989243e-01   1.000000e+00   4.989243e-01   4.989243e-01
1     1.199999e+02   1.000000e+00   1.164843e-10   0.000000e+00   0.000000e+00   0.000000e+00   4.994089e-01   1.000000e+00   4.994089e-01   4.994089e-01
1     1.210000e+02   1.000000e+00   1.166272e-10   0.000000e+00   0.000000e+00   0.000000e+00   4.998934e-01   1.000000e+00   4.998934e-01   4.998934e-01
1     1.219994e+02   1.000000e+00   1.167714e-10   0.000000e+00   0.000000e+00   0.000000e+00   4.964775e-01   1.000000e+00   4.964775e-01   4.964775e-01
1     1.229995e+02   1.000000e+00   1.169186e-10   0.000000e+00   0.000000e+00   0.000000e+00   4.969620e-01   1.000000e+00   4.969620e-01   4.969620e-01
1     1.239996e+02   1.000000e+00   1.170656e-10   0.000000e+00   0.000000e+00   0.000000e+00   4.974466e-01   1.000000e+00   4.974466e-01   4.974466e-01
1     1.249997e+02   1.000000e+00   1.172169e-10   0.000000e+00   0.000000e+00   0.000000e+00   4.979311e-01   1.000000e+00   4.979311e-01   4.979311e-01
1     1.259997e+02   1.000000e+00   1.173715e-10   0.000000e+00   0.000000e+00   0.000000e+00   4.984157e-01   1.000000e+00   4.984157e-01   4.984157e-01
1     1.269998e+02   1.000000e+00   1.175254e-10   0.000000e+00   0.000000e+00   0.000000e+00   4.989002e-01   1.000000e+00   4.989002e-01   4.989002e-01
1     1.279999e+02   1.000000e+00   1.176774e-10   0.000000e+00   0.000000e+00   0.000000e+00   4.993847e-01   1.000000e+00   4.993847e-01   4.993847e-01
1     1.290000e+02   1.000000e+00   1.178384e-10   0.000000e+00   0.000000e+00   0.000000e+00   4.998693e-01   1.000000e+00   4.998693e-01   4.998693e-01
1     1.299994e+02   1.000000e+00   1.180001e-10   0.000000e+00   0.000000e+00   0.000000e+00   4.964534e-01   1.000000e+00   4.964534e-01   4.964534e-01
1     1.309995e+02   1.000000e+00   1.181706e-10   0.000000e+00   0.000000e+00   0.000000e+00   4.969379e-01   1.000000e+00   4.969379e-01   4.969379e-01
1     1.319996e+02   1.000000e+00   1.183384e-10   0.000000e+00   0.000000e+00   0.000000e+00   4.974224e-01   1.000000e+00   4.974224e-01   4.974224e-01
1     1.329997e+02   1.000000e+00   1.185166e-10   0.000000e+00   0.000000e+00   0.000000e+00   4.979070e-01   1.000000e+00   4.979070e-01   4.979070e-01
1     1.339997e+02   1.000000e+00   1.186959e-10   0.000000e+00   0.000000e+00   0.000000e+00   4.983915e-01   1.000000e+00   4.983915e-01   4.983915e-01
1     1.349998e+02   1.000000e+00   1.188799e-10   0.000000e+00   0.000000e+00   0.000000e+00   4.988761e-01   1.000000e+00   4.988761e-01   4.988761e-01
1     1.359999e+02   1.000000e+00   1.190615e-10   0.000000e+00   0.000000e+00   0.000000e+00   4.993606e-01   1.000000e+00   4.993606e-01   4.993606e-01
1     1.370000e+02   1.000000e+00   1.192397e-10   0.000000e+00   0.000000e+00   0.000000e+00   4.998452e-01   1.000000e+00   4.998452e-01   4.998452e-01
1     1.379994e+02   1.000000e+00   1.194322e-10   0.000000e+00   0.000000e+00   0.000000e+00   4.964292e-01   1.000000e+00   4.964292e-01   4.964292e-01
1     1.389995e+02   1.000000e+00   1.196185e-10   0.000000e+00   0.000000e+00   0.000000e+00   4.969138e-01   1.000000e+00   4.969138e-01   4.969138e-01
1     1.399996e+02   1.000000e+00   1.198145e-10   0.000000e+00   0.000000e+00   0.000000e+00   4.973983e-01   1.000000e+00   4.973983e-01   4.973983e-01
1     1.409997e+02   1.000000e+00   1.200019e-10   0.000000e+00   0.000000e+00   0.000000e+00   4.978828e-01   1.000000e+00   4.978828e-01   4.978828e-01
1     1.419997e+02   1.000000e+00   1.201921e-10   0.000000e+00   0.000000e+00   0.000000e+00   4.983674e-01   1.000000e+00   4.983674e-01   4.983674e-01
1     1.429998e+02   1.000000e+00   1.203829e-10   0.000000e+00   0.000000e+00   0.000000e+00   4.988519e-01   1.000000e+00   4.988519e-01   4.988519e-01
1     1.439999e+02   1.000000e+00   1.205804e-10   0.000000e+00   0.000000e+00   0.000000e+00   4.993365e-01   1.000000e+00   4.993365e-01   4.993365e-01
1     1.450000e+02   1.000000e+00   1.207749e-10   0.000000e+00   0.000000e+00   0.000000e+00   4.998210e-01   1.000000e+00   4.998210e-01   4.998210e-01
1     1.459994e+02   1.000000e+00   1.209695e-10   0.000000e+00   0.000000e+00   0.000000e+00   4.964051e-01   1.000000e+00   4.964051e-01   4.964051e-01
1     1.469995e+02   1.000000e+00   1.211618e-10   0.000000e+00   0.000000e+00   0.000000e+00   4.968896e-01   1.000000e+00   4.968896e-01   4.968896e-01
1     1.479996e+02   1.000000e+00   1.213577e-10   0.000000e+00   0.000000e+00   0.000000e+00   4.973742e-01   1.000000e+00   4.973742e-01   4.973742e-01
1     1.489997e+02   1.000000e+00   1.215530e-10   0.000000e+00   0.000000e+00   0.000000e+00   4.978587e-01   1.000000e+00   4.978587e-01   4.978587e-01
1     1.499997e+02   1.000000e+00   1.217467e-10   0.000000e+00   0.000000e+00   0.000000e+00   4.983432e-01   1.000000e+00   4.983432e-01   4.983432e-01
1     1.509998e+02   1.000000e+00   1.219432e-10   0.000000e+00   0.000000e+00   0.000000e+00   4.988278e-01   1.000000e+00   4.988278e-01   4.988278e-01
1     1.519999e+02   1.000000e+00   1.221344e-10   0.000000e+00   0.000000e+00   0.000000e+00   4.993123e-01   1.000000e+00   4.993123e-01   4.993123e-01
1     1.530000e+02   1.000000e+00   1.223254e-10   0.000000e+00   0.000000e+00   0.000000e+00   4.997969e-01   1.000000e+00   4.997969e-01   4.997969e-01
1     1.539994e+02   1.000000e+00   1.225278e-10   0.000000e+00   0.000000e+00   0.000000e+00   4.963809e-01   1.000000e+00   4.963809e-01   4.963809e-01
1     1.549995e+02   1.000000e+00   1.227196e-10   0.000000e+00   0.000000e+00   0.000000e+00   4.968655e-01   1.000000e+00   4.968655e-01   4.968655e-01
1     1.559996e+02   1.000000e+00   1.229158e-10   0.000000e+00   0.000000e+00   0.000000e+00   4.973500e-01   1.000000e+00   4.973500e-01   4.973500e-01
1     1.569997e+02   1.000000e+00   1.231151e-10   0.000000e+00   0.000000e+00   0.000000e+00   4.978346e-01   1.000000e+00   4.978346e-01   4.978346e-01
1     1.579997e+02   1.000000e+00   1.233145e-10   0.000000e+00   0.000000e+00   0.000000e+00   4.983191e-01   1.000000e+00   4.983191e-01   4.983191e-01
1     1.589998e+02   1.000000e+00   1.235154e-10   0.000000e+00   0.000000e+00   0.000000e+00   4.988037e-01   1.000000e+00   4.988037e-01   4.988036e-01
1     1.599999e+02   1.000000e+00   1.237079e-10   0.000000e+00   0.000000e+00   0.000000e+00   4.992882e-01   1.000000e+00   4.992882e-01   4.992882e-01
1     1.610000e+02   1.000000e+00   1.239054e-10   0.000000e+00   0.000000e+00   0.000000e+00   4.997727e-01   1.000000e+00   4.997727e-01   4.997727e-01
1     1.619994e+02   1.000000e+00   1.241077e-10   0.000000e+00   0.000000e+00   0.000000e+00   4.963568e-01   1.000000e+00   4.963568e-01   4.963568e-01
1     1.629995e+02   1.000000e+00   1.243055e-10   0.000000e+00   0.000000e+00   0.000000e+00   4.968413e-01   1.000000e+00   4.968413e-01   4.968413e-01
1     1.639996e+02   1.000000e+00   1.245025e-10   0.000000e+00   0.000000e+00   0.000000e+00   4.973259e-01   1.000000e+00   4.973259e-01   4.973259e-01
1     1.649997e+02   1.000000e+00   1.247031e-10   0.000000e+00   0.000000e+00   0.000000e+00   4.978104e-01   1.000000e+00   4.978104e-01   4.978104e-01
1     1.659997e+02   1.000000e+00   1.248969e-10   0.000000e+00   0.000000e+00   0.000000e+00   4.982950e-01   1.000000e+00   4.982950e-01   4.982950e-01
1     1.669998e+02   1.000000e+00   1.250907e-10   0.000000e+00   0.000000e+00   0.000000e+00   4.987795e-01   1.000000e+00   4.987795e-01   4.987795e-01
1     1.679999e+02   1.000000e+00   1.252918e-10   0.000000e+00   0.000000e+00   0.000000e+00   4.992640e-01   1.000000e+00   4.992640e-01   4.992640e-01
1     1.690000e+02   1.000000e+00   1.254929e-10   0.000000e+00   0.000000e+00   0.000000e+00   4.997486e-01   1.000000e+00   4.997486e-01   4.997486e-01
1     1.699994e+02   1.000000e+00   1.256975e-10   0.000000e+00   0.000000e+00   0.000000e+00   4.963327e-01   1.000000e+00   4.963327e-01   4.963327e-01
1     1.709995e+02   1.000000e+00   1.258900e-10   0.000000e+00   0.000000e+00   0.000000e+00   4.968172e-01   1.000000e+00   4.968172e-01   4.968172e-01
1     1.719996e+02   1.000000e+00   1.260984e-10   0.000000e+00   0.000000e+00   0.000000e+00   4.973017e-01   1.000000e+00   4.973017e-01   4.973017e-01
1     1.729996e+02   1.000000e+00   1.262945e-10   0.000000e+00   0.000000e+00   0.000000e+00   4.977863e-01   1.000000e+00   4.977863e-01   4.977863e-01
1     1.739997e+02   1.000000e+00   1.264879e-10   0.000000e+00   0.000000e+00   0.000000e+00   4.982708e-01   1.000000e+00   4.982708e-01   4.982708e-01
1     1.749998e+02   1.000000e+00   1.266762e-10   0.000000e+00   0.000000e+00   0.000000e+00   4.987554e-01   1.000000e+00   4.987554e-01   4.987554e-01
1     1.759999e+02   1.000000e+00   1.268707e-10   0.000000e+00   0.000000e+00   0.000000e+00   4.992399e-01   1.000000e+00   4.992399e-01   4.992399e-01
1     1.770000e+02   1.000000e+00   1.270677e-10   0.000000e+00   0.000000e+00   0.000000e+00   4.997244e-01   1.000000e+00   4.997244e-01   4.997244e-01
1     1.779994e+02   1.000000e+00   1.272573e-10   0.000000e+00   0.000000e+00   0.000000e+00   4.963085e-01   1.000000e+00   4.963085e-01   4.963085e-01
1     1.789995e+02   1.000000e+00   1.274495e-10   0.000000e+00   0.000000e+00   0.000000e+00   4.967931e-01   1.000000e+00   4.967931e-01   4.967931e-01
1     1.799996e+02   1.000000e+00   1.276395e-10   0.000000e+00   0.000000e+00   0.000000e+00   4.972776e-01   1.000000e+00   4.972776e-01   4.972776e-01
1     1.809996e+02   1.000000e+00   1.278330e-10   0.000000e+00   0.000000e+00   0.000000e+00   4.977621e-01   1.000000e+00   4.977621e-01   4.977621e-01
1     1.819997e+02   1.000000e+00   1.280161e-10   0.000000e+00   0.000000e+00   0.000000e+00   4.982467e-01   1.000000e+00   4.982467e-01   4.982467e-01
1     1.829998e+02   1.000000e+00   1.281972e-10   0.000000e+00   0.000000e+00   0.000000e+00   4.987312e-01   1.000000e+00   4.987312e-01   4.987312e-01
1     1.839999e+02   1.000000e+00   1.283806e-10   0.000000e+00   0.000000e+00   0.000000e+00   4.992158e-01   1.000000e+00   4.992158e-01   4.992158e-01
1     1.850000e+02   1.000000e+00   1.285669e-10   0.000000e+00   0.000000e+00   0.000000e+00   4.997003e-01   1.000000e+00   4.997003e-01   4.997003e-01
1     1.859994e+02   1.000000e+00   1.287648e-10   0.000000e+00   0.000000e+00   0.000000e+00   4.962844e-01   1.000000e+00   4.962844e-01   4.962844e-01
1     1.869995e+02   1.000000e+00   1.289422e-10   0.000000e+00   0.000000e+00   0.000000e+00   4.967689e-01   1.000000e+00   4.967689e-01   4.967689e-01
1     1.879996e+02   1.000000e+00   1.291264e-10   0.000000e+00   0.000000e+00   0.000000e+00   4.972534e-01   1.000000e+00   4.972534e-01   4.972534e-01
1     1.889996e+02   1.000000e+00   1.293093e-10   0.000000e+00   0.000000e+00   0.000000e+00   4.977380e-01   1.000000e+00   4.977380e-01   4.977380e-01
1     1.899997e+02   1.000000e+00   1.294884e-10   0.000000e+00   0.000000e+00   0.000000e+00   4.982225e-01   1.000000e+00   4.982225e-01   4.982225e-01
1     1.909998e+02   1.000000e+00   1.296681e-10   0.000000e+00   0.000000e+00   0.000000e+00   4.987071e-01   1.000000e+00   4.987071e-01   4.987071e-01
1     1.919999e+02   1.000000e+00   1.298453e-10   0.000000e+00   0.000000e+00   0.000000e+00   4.991916e-01   1.000000e+00   4.991916e-01   4.991916e-01
1     1.929999e+02   1.000000e+00   1.300257e-10   0.000000e+00   0.000000e+00   0.000000e+00   4.996762e-01   1.000000e+00   4.996762e-01   4.996762e-01
1     1.939994e+02   1.000000e+00   1.302131e-10   0.000000e+00   0.000000e+00   0.000000e+00   4.962602e-01   1.000000e+00   4.962602e-01   4.962602e-01
1     1.949995e+02   1.000000e+00   1.303888e-10   0.000000e+00   0.000000e+00   0.000000e+00   4.967448e-01   1.000000e+00   4.967448e-01   4.967448e-01
1     1.959996e+02   1.000000e+00   1.305599e-10   0.000000e+00   0.000000e+00   0.000000e+00   4.972293e-01   1.000000e+00   4.972293e-01   4.972293e-01
1     1.969996e+02   1.000000e+00   1.307399e-10   0.000000e+00   0.000000e+00   0.000000e+00   4.977138e-01   1.000000e+00   4.977138e-01   4.977138e-01
1     1.979997e+02   1.000000e+00   1.309145e-10   0.000000e+00   0.000000e+00   0.000000e+00   4.981984e-01   1.000000e+00   4.981984e-01   4.981984e-01
1     1.989998e+02   1.000000e+00   1.310887e-10   0.000000e+00   0.000000e+00   0.000000e+00   4.986829e-01   1.000000e+00   4.986829e-01   4.986829e-01
1     1.999999e+02   1.000000e+00   1.312613e-10   0.000000e+00   0.000000e+00   0.000000e+00   4.991675e-01   1.000000e+00   4.991675e-01   4.991675e-01
1     2.009999e+02   1.000000e+00   1.314325e-10   0.000000e+00   0.000000e+00   0.000000e+00   4.996520e-01   1.000000e+00   4.996520e-01   4.996520e-01
1     2.019994e+02   1.000000e+00   1.316157e-10   0.000000e+00   0.000000e+00   0.000000e+00   4.962361e-01   1.000000e+00   4.962361e-01   4.962361e-01
1     2.029995e+02   1.000000e+00   1.317905e-10   0.000000e+00   0.000000e+00   0.000000e+00   4.967206e-01   1.000000e+00   4.967206e-01   4.967206e-01
1     2.039996e+02   1.000000e+00   1.319654e-10   0.000000e+00   0.000000e+00   0.000000e+00   4.972052e-01   1.000000e+00   4.972052e-01   4.972052e-01
1     2.049996e+02   1.000000e+00   1.321413e-10   0.000000e+00   0.000000e+00   0.000000e+00   4.976897e-01   1.000000e+00   4.976897e-01   4.976897e-01
1     2.059997e+02   1.000000e+00   1.323121e-10   0.000000e+00   0.000000e+00   0.000000e+00   4.981742e-01   1.000000e+00   4.981742e-01   4.981742e-01
1     2.069998e+02   1.000000e+00   1.324825e-10   0.000000e+00   0.000000e+00   0.000000e+00   4.986588e-01   1.000000e+00   4.986588e-01   4.986588e-01
1     2.079999e+02   1.000000e+00   1.326527e-10   0.000000e+00   0.000000e+00   0.000000e+00   4.991433e-01   1.000000e+00   4.991433e-01   4.991433e-01
1     2.089999e+02   1.000000e+00   1.328291e-10   0.000000e+00   0.000000e+00   0.000000e+00   4.996279e-01   1.000000e+00   4.996279e-01   4.996279e-01
1     2.099994e+02   1.000000e+00   1.330116e-10   0.000000e+00   0.000000e+00   0.000000e+00   4.962119e-01   1.000000e+00   4.962119e-01   4.962119e-01
1     2.109995e+02   1.000000e+00   1.331908e-10   0.000000e+00   0.000000e+00   0.000000e+00   4.966965e-01   1.000000e+00   4.966965e-01   4.966965e-01
1     2.119996e+02   1.000000e+00   1.333669e-10   0.000000e+00   0.000000e+00   0.000000e+00   4.971810e-01   1.000000e+00   4.971810e-01   4.971810e-01
1     2.129996e+02   1.000000e+00   1.335401e-10   0.000000e+00   0.000000e+00   0.000000e+00   4.976655e-01   1.000000e+00   4.976655e-01   4.976655e-01
1     2.139997e+02   1.000000e+00   1.337120e-10   0.000000e+00   0.000000e+00   0.000000e+00   4.981501e-01   1.000000e+00   4.981501e-01   4.981501e-01
1     2.149998e+02   1.000000e+00   1.338834e-10   0.000000e+00   0.000000e+00   0.000000e+00   4.986346e-01   1.000000e+00   4.986346e-01   4.986346e-01
1     2.159999e+02   1.000000e+00   1.340618e-10   0.000000e+00   0.000000e+00   0.000000e+00   4.991192e-01   1.000000e+00   4.991192e-01   4.991192e-01
1     2.169999e+02   1.000000e+00   1.342394e-10   0.000000e+00   0.000000e+00   0.000000e+00   4.996037e-01   1.000000e+00   4.996037e-01   4.996037e-01
1     2.179994e+02   1.000000e+00   1.344303e-10   0.000000e+00   0.000000e+00   0.000000e+00   4.961878e-01   1.000000e+00   4.961878e-01   4.961878e-01
1     2.189995e+02   1.000000e+00   1.346092e-10   0.000000e+00   0.000000e+00   0.000000e+00   4.966723e-01   1.000000e+00   4.966723e-01   4.966723e-01
1     2.199995e+02   1.000000e+00   1.347992e-10   0.000000e+00   0.000000e+00   0.000000e+00   4.971569e-01   1.000000e+00   4.971569e-01   4.971569e-01
1     2.209996e+02   1.000000e+00   1.349707e-10   0.000000e+00   0.000000e+00   0.000000e+00   4.976414e-01   1.000000e+00   4.976414e-01   4.976414e-01
1     2.219997e+02   1.000000e+00   1.351477e-10   0.000000e+00   0.000000e+00   0.000000e+00   4.981259e-01   1.000000e+00   4.981259e-01   4.981259e-01
1     2.229998e+02   1.000000e+00   1.353247e-10   0.000000e+00   0.000000e+00   0.000000e+00   4.986105e-01   1.000000e+00   4.986105e-01   4.986105e-01
1     2.239999e+02   1.000000e+00   1.355043e-10   0.000000e+00   0.000000e+00   0.000000e+00   4.990950e-01   1.000000e+00   4.990950e-01   4.990950e-01
1     2.249999e+02   1.000000e+00   1.356857e-10   0.000000e+00   0.000000e+00   0.000000e+00   4.995796e-01   1.000000e+00   4.995796e-01   4.995796e-01
1     2.259994e+02   1.000000e+00   1.358773e-10   0.000000e+00   0.000000e+00   0.000000e+00   4.961636e-01   1.000000e+00   4.961636e-01   4.961636e-01
1     2.269995e+02   1.000000e+00   1.360633e-10   0.000000e+00   0.000000e+00   0.000000e+00   4.966482e-01   1.000000e+00   4.966482e-01   4.966482e-01
1     2.279995e+02   1.000000e+00   1.362574e-10   0.000000e+00   0.000000e+00   0.000000e+00   4.971327e-01   1.000000e+00   4.971327e-01   4.971327e-01
1     2.289996e+02   1.000000e+00   1.364437e-10   0.000000e+00   0.000000e+00   0.000000e+00   4.976172e-01   1.000000e+00   4.976172e-01   4.976172e-01
1     2.299997e+02   1.000000e+00   1.366287e-10   0.000000e+00   0.000000e+00   0.000000e+00   4.981018e-01   1.000000e+00   4.981018e-01   4.981018e-01
1     2.309998e+02   1.000000e+00   1.368190e-10   0.000000e+00   0.000000e+00   0.000000e+00   4.985863e-01   1.000000e+00   4.985863e-01   4.985863e-01
1     2.319999e+02   1.000000e+00   1.370106e-10   0.000000e+00   0.000000e+00   0.000000e+00   4.990709e-01   1.000000e+00   4.990709e-01   4.990709e-01
1     2.329999e+02   1.000000e+00   1.372027e-10   0.000000e+00   0.000000e+00   0.000000e+00   4.995554e-01   1.000000e+00   4.995554e-01   4.995554e-01
1     2.339994e+02   1.000000e+00   1.374047e-10   0.000000e+00   0.000000e+00   0.000000e+00   4.961395e-01   1.000000e+00   4.961395e-01   4.961395e-01
1     2.349995e+02   1.000000e+00   1.375946e-10   0.000000e+00   0.000000e+00   0.000000e+00   4.966240e-01   1.000000e+00   4.966240e-01   4.966240e-01
1     2.359995e+02   1.000000e+00   1.377881e-10   0.000000e+00   0.000000e+00   0.000000e+00   4.971085e-01   1.000000e+00   4.971085e-01   4.971085e-01
1     2.369996e+02   1.000000e+00   1.379750e-10   0.000000e+00   0.000000e+00   0.000000e+00   4.975931e-01   1.000000e+00   4.975931e-01   4.975931e-01
1     2.379997e+02   1.000000e+00   1.381748e-10   0.000000e+00   0.000000e+00   0.000000e+00   4.980776e-01   1.000000e+00   4.980776e-01   4.980776e-01
1     2.389998e+02   1.000000e+00   1.383670e-10   0.000000e+00   0.000000e+00   0.000000e+00   4.985622e-01   1.000000e+00   4.985622e-01   4.985622e-01
1     2.399998e+02   1.000000e+00   1.385647e-10   0.000000e+00   0.000000e+00   0.000000e+00   4.990467e-01   1.000000e+00   4.990467e-01   4.990467e-01
1     2.409999e+02   1.000000e+00   1.387658e-10   0.000000e+00   0.000000e+00   0.000000e+00   4.995312e-01   1.000000e+00   4.995312e-01   4.995312e-01
1     2.419994e+02   1.000000e+00   1.389660e-10   0.000000e+00   0.000000e+00   0.000000e+00   4.961153e-01   1.000000e+00   4.961153e-01   4.961153e-01
1     2.429995e+02   1.000000e+00   1.391699e-10   0.000000e+00   0.000000e+00   0.000000e+00   4.965999e-01   1.000000e+00   4.965999e-01   4.965999e-01
1     2.439995e+02   1.000000e+00   1.393690e-10   0.000000e+00   0.000000e+00   0.000000e+00   4.970844e-01   1.000000e+00   4.970844e-01   4.970844e-01
1     2.449996e+02   1.000000e+00   1.395688e-10   0.000000e+00   0.000000e+00   0.000000e+00   4.975689e-01   1.000000e+00   4.975689e-01   4.975689e-01
1     2.459997e+02   1.000000e+00   1.397709e-10   0.000000e+00   0.000000e+00   0.000000e+00   4.980535e-01   1.000000e+00   4.980535e-01   4.980535e-01
1     2.469998e+02   1.000000e+00   1.399690e-10   0.000000e+00   0.000000e+00   0.000000e+00   4.985380e-01   1.000000e+00   4.985380e-01   4.985380e-01
1     2.479998e+02   1.000000e+00   1.401802e-10   0.000000e+00   0.000000e+00   0.000000e+00   4.990226e-01   1.000000e+00   4.990226e-01   4.990226e-01
1     2.489999e+02   1.000000e+00   1.403857e-10   0.000000e+00   0.000000e+00   0.000000e+00   4.995071e-01   1.000000e+00   4.995071e-01   4.995071e-01
1     2.500000e+02   1.000000e+00   1.405892e-10   0.000000e+00   0.000000e+00   0.000000e+00   4.999916e-01   1.000000e+00   4.999916e-01   4.999916e-01
1     2.509995e+02   1.000000e+00   1.408054e-10   0.000000e+00   0.000000e+00   0.000000e+00   4.965757e-01   1.000000e+00   4.965757e-01   4.965757e-01
1     2.519995e+02   1.000000e+00   1.410144e-10   0.000000e+00   0.000000e+00   0.000000e+00   4.970602e-01   1.000000e+00   4.970602e-01   4.970602e-01
1     2.529996e+02   1.000000e+00   1.412207e-10   0.000000e+00   0.000000e+00   0.000000e+00   4.975448e-01   1.000000e+00   4.975448e-01   4.975448e-01
1     2.539997e+02   1.000000e+00   1.414228e-10   0.000000e+00   0.000000e+00   0.000000e+00   4.980293e-01   1.000000e+00   4.980293e-01   4.980293e-01
1     2.549998e+02   1.000000e+00   1.416285e-10   0.000000e+00   0.000000e+00   0.000000e+00   4.985139e-01   1.000000e+00   4.985139e-01   4.985139e-01
1     2.559998e+02   1.000000e+00   1.418444e-10   0.000000e+00   0.000000e+00   0.000000e+00   4.989984e-01   1.000000e+00   4.989984e-01   4.989984e-01
1     2.569999e+02   1.000000e+00   1.420517e-10   0.000000e+00   0.000000e+00   0.000000e+00   4.994829e-01   1.000000e+00   4.994829e-01   4.994829e-01
1     2.580000e+02   1.000000e+00   1.422580e-10   0.000000e+00   0.000000e+00   0.000000e+00   4.999675e-01   1.000000e+00   4.999675e-01   4.999675e-01
1     2.589995e+02   1.000000e+00   1.424735e-10   0.000000e+00   0.000000e+00   0.000000e+00   4.965515e-01   1.000000e+00   4.965515e-01   4.965515e-01
1     2.599995e+02   1.000000e+00   1.426853e-10   0.000000e+00   0.000000e+00   0.000000e+00   4.970361e-01   1.000000e+00   4.970361e-01   4.970361e-01
1     2.609996e+02   1.000000e+00   1.428998e-10   0.000000e+00   0.000000e+00   0.000000e+00   4.975206e-01   1.000000e+00   4.975206e-01   4.975206e-01
1     2.619997e+02   1.000000e+00   1.431157e-10   0.000000e+00   0.000000e+00   0.000000e+00   4.980052e-01   1.000000e+00   4.980052e-01   4.980052e-01
1     2.629998e+02   1.000000e+00   1.433259e-10   0.000000e+00   0.000000e+00   0.000000e+00   4.984897e-01   1.000000e+00   4.984897e-01   4.984897e-01
1     2.639998e+02   1.000000e+00   1.435354e-10   0.000000e+00   0.000000e+00   0.000000e+00   4.989742e-01   1.000000e+00   4.989742e-01   4.989742e-01
1     2.649999e+02   1.000000e+00   1.437446e-10   0.000000e+00   0.000000e+00   0.000000e+00   4.994588e-01   1.000000e+00   4.994588e-01   4.994588e-01
1     2.660000e+02   1.000000e+00   1.439524e-10   0.000000e+00   0.000000e+00   0.000000e+00   4.999433e-01   1.000000e+00   4.999433e-01   4.999433e-01
1     2.669994e+02   1.000000e+00   1.441706e-10   0.000000e+00   0.000000e+00   0.000000e+00   4.965274e-01   1.000000e+00   4.965274e-01   4.965274e-01
1     2.679995e+02   1.000000e+00   1.443830e-10   0.000000e+00   0.000000e+00   0.000000e+00   4.970119e-01   1.000000e+00   4.970119e-01   4.970119e-01
1     2.689996e+02   1.000000e+00   1.445895e-10   0.000000e+00   0.000000e+00   0.000000e+00   4.974965e-01   1.000000e+00   4.974965e-01   4.974965e-01
1     2.699997e+02   1.000000e+00   1.447990e-10   0.000000e+00   0.000000e+00   0.000000e+00   4.979810e-01   1.000000e+00   4.979810e-01   4.979810e-01
1     2.709998e+02   1.000000e+00   1.450075e-10   0.000000e+00   0.000000e+00   0.000000e+00   4.984655e-01   1.000000e+00   4.984655e-01   4.984655e-01
1     2.719998e+02   1.000000e+00   1.452152e-10   0.000000e+00   0.000000e+00   0.000000e+00   4.989501e-01   1.000000e+00   4.989501e-01   4.989501e-01
1     2.729999e+02   1.000000e+00   1.454208e-10   0.000000e+00   0.000000e+00   0.000000e+00   4.994346e-01   1.000000e+00   4.994346e-01   4.994346e-01
1     2.740000e+02   1.000000e+00   1.456320e-10   0.000000e+00   0.000000e+00   0.000000e+00   4.999192e-01   1.000000e+00   4.999192e-01   4.999192e-01
1     2.749994e+02   1.000000e+00   1.458465e-10   0.000000e+00   0.000000e+00   0.000000e+00   4.965032e-01   1.000000e+00   4.965032e-01   4.965032e-01
1     2.759995e+02   1.000000e+00   1.460537e-10   0.000000e+00   0.000000e+00   0.000000e+00   4.969878e-01   1.000000e+00   4.969878e-01   4.969878e-01
1     2.769996e+02   1.000000e+00   1.462629e-10   0.000000e+00   0.000000e+00   0.000000e+00   4.974723e-01   1.000000e+00   4.974723e-01   4.974723e-01
1     2.779997e+02   1.000000e+00   1.464760e-10   0.000000e+00   0.000000e+00   0.000000e+00   4.979568e-01   1.000000e+00   4.979568e-01   4.979568e-01
1     2.789998e+02   1.000000e+00   1.466785e-10   0.000000e+00   0.000000e+00   0.000000e+00   4.984414e-01   1.000000e+00   4.984414e-01   4.984414e-01
1     2.799998e+02   1.000000e+00   1.468832e-10   0.000000e+00   0.000000e+00   0.000000e+00   4.989259e-01   1.000000e+00   4.989259e-01   4.989259e-01
1     2.809999e+02   1.000000e+00   1.470882e-10   0.000000e+00   0.000000e+00   0.000000e+00   4.994105e-01   1.000000e+00   4.994105e-01   4.994105e-01
1     2.820000e+02   1.000000e+00   1.472958e-10   0.000000e+00   0.000000e+00   0.000000e+00   4.998950e-01   1.000000e+00   4.998950e-01   4.998950e-01
1     2.829994e+02   1.000000e+00   1.474996e-10   0.000000e+00   0.000000e+00   0.000000e+00   4.964791e-01   1.000000e+00   4.964791e-01   4.964791e-01
1     2.839995e+02   1.000000e+00   1.477061e-10   0.000000e+00   0.000000e+00   0.000000e+00   4.969636e-01   1.000000e+00   4.969636e-01   4.969636e-01
1     2.849996e+02   1.000000e+00   1.479162e-10   0.000000e+00   0.000000e+00   0.000000e+00   4.974481e-01   1.000000e+00   4.974481e-01   4.974481e-01
1     2.859997e+02   1.000000e+00   1.481199e-10   0.000000e+00   0.000000e+00   0.000000e+00   4.979327e-01   1.000000e+00   4.979327e-01   4.979327e-01
1     2.869997e+02   1.000000e+00   1.483282e-10   0.000000e+00   0.000000e+00   0.000000e+00   4.984172e-01   1.000000e+00   4.984172e-01   4.984172e-01
1     2.879998e+02   1.000000e+00   1.485283e-10   0.000000e+00   0.000000e+00   0.000000e+00   4.989018e-01   1.000000e+00   4.989018e-01   4.989018e-01
1     2.889999e+02   1.000000e+00   1.487289e-10   0.000000e+00   0.000000e+00   0.000000e+00   4.993863e-01   1.000000e+00   4.993863e-01   4.993863e-01
1     2.900000e+02   1.000000e+00   1.489311e-10   0.000000e+00   0.000000e+00   0.000000e+00   4.998708e-01   1.000000e+00   4.998708e-01   4.998708e-01
1     2.909994e+02   1.000000e+00   1.491415e-10   0.000000e+00   0.000000e+00   0.000000e+00   4.964549e-01   1.000000e+00   4.964549e-01   4.964549e-01
1     2.919995e+02   1.000000e+00   1.493417e-10   0.000000e+00   0.000000e+00   0.000000e+00   4.969394e-01   1.000000e+00   4.969394e-01   4.969394e-01
1     2.929996e+02   1.000000e+00   1.495457e-10   0.000000e+00   0.000000e+00   0.000000e+00   4.974240e-01   1.000000e+00   4.974240e-01   4.974240e-01
1     2.939997e+02   1.000000e+00   1.497530e-10   0.000000e+00   0.000000e+00   0.000000e+00   4.979085e-01   1.000000e+00   4.979085e-01   4.979085e-01
1     2.949997e+02   1.000000e+00   1.499612e-10   0.000000e+00   0.000000e+00   0.000000e+00   4.983931e-01   1.000000e+00   4.983931e-01   4.983931e-01
1     2.959998e+02   1.000000e+00   1.501657e-10   0.000000e+00   0.000000e+00   0.000000e+00   4.988776e-01   1.000000e+00   4.988776e-01   4.988776e-01
1     2.969999e+02   1.000000e+00   1.503704e-10   0.000000e+00   0.000000e+00   0.000000e+00   4.993621e-01   1.000000e+00   4.993621e-01   4.993621e-01
1     2.980000e+02   1.000000e+00   1.505639e-10   0.000000e+00   0.000000e+00   0.000000e+00   4.998467e-01   1.000000e+00   4.998467e-01   4.998467e-01
1     2.989994e+02   1.000000e+00   1.507706e-10   0.000000e+00   0.000000e+00   0.000000e+00   4.964307e-01   1.000000e+00   4.964307e-01   4.964307e-01
1     2.999995e+02   1.000000e+00   1.509720e-10   0.000000e+00   0.000000e+00   0.000000e+00   4.969153e-01   1.000000e+00   4.969153e-01   4.969153e-01
1     3.009996e+02   1.000000e+00   1.511813e-10   0.000000e+00   0.000000e+00   0.000000e+00   4.973998e-01   1.000000e+00   4.973998e-01   4.973998e-01
1     3.019997e+02   1.000000e+00   1.513829e-10   0.000000e+00   0.000000e+00   0.000000e+00   4.978844e-01   1.000000e+00   4.978844e-01   4.978844e-01
1     3.029997e+02   1.000000e+00   1.515827e-10   0.000000e+00   0.000000e+00   0.000000e+00   4.983689e-01   1.000000e+00   4.983689e-01   4.983689e-01
1     3.039998e+02   1.000000e+00   1.517860e-10   0.000000e+00   0.000000e+00   0.000000e+00   4.988534e-01   1.000000e+00   4.988534e-01   4.988534e-01
1     3.049999e+02   1.000000e+00   1.519938e-10   0.000000e+00   0.000000e+00   0.000000e+00   4.993380e-01   1.000000e+00   4.993380e-01   4.993380e-01
1     3.060000e+02   1.000000e+00   1.521963e-10   0.000000e+00   0.000000e+00   0.000000e+00   4.998225e-01   1.000000e+00   4.998225e-01   4.998225e-01
1     3.069994e+02   1.000000e+00   1.524064e-10   0.000000e+00   0.000000e+00   0.000000e+00   4.964066e-01   1.000000e+00   4.964066e-01   4.964066e-01
1     3.079995e+02   1.000000e+00   1.526057e-10   0.000000e+00   0.000000e+00   0.000000e+00   4.968911e-01   1.000000e+00   4.968911e-01   4.968911e-01
1     3.089996e+02   1.000000e+00   1.528088e-10   0.000000e+00   0.000000e+00   0.000000e+00   4.973757e-01   1.000000e+00   4.973757e-01   4.973757e-01
1     3.099997e+02   1.000000e+00   1.530121e-10   0.000000e+00   0.000000e+00   0.000000e+00   4.978602e-01   1.000000e+00   4.978602e-01   4.978602e-01
1     3.109997e+02   1.000000e+00   1.532113e-10   0.000000e+00   0.000000e+00   0.000000e+00   4.983447e-01   1.000000e+00   4.983447e-01   4.983447e-01
1     3.119998e+02   1.000000e+00   1.534128e-10   0.000000e+00   0.000000e+00   0.000000e+00   4.988293e-01   1.000000e+00   4.988293e-01   4.988293e-01
1     3.129999e+02   1.000000e+00   1.536153e-10   0.000000e+00   0.000000e+00   0.000000e+00   4.993138e-01   1.000000e+00   4.993138e-01   4.993138e-01
1     3.140000e+02   1.000000e+00   1.538088e-10   0.000000e+00   0.000000e+00   0.000000e+00   4.997984e-01   1.000000e+00   4.997984e-01   4.997984e-01
1     3.149994e+02   1.000000e+00   1.540207e-10   0.000000e+00   0.000000e+00   0.000000e+00   4.963824e-01   1.000000e+00   4.963824e-01   4.963824e-01
1     3.159995e+02   1.000000e+00   1.542207e-10   0.000000e+00   0.000000e+00   0.000000e+00   4.968670e-01   1.000000e+00   4.968670e-01   4.968670e-01
1     3.169996e+02   1.000000e+00   1.544214e-10   0.000000e+00   0.000000e+00   0.000000e+00   4.973515e-01   1.000000e+00   4.973515e-01   4.973515e-01
1     3.179997e+02   1.000000e+00   1.546224e-10   0.000000e+00   0.000000e+00   0.000000e+00   4.978360e-01   1.000000e+00   4.978360e-01   4.978360e-01
1     3.189997e+02   1.000000e+00   1.548274e-10   0.000000e+00   0.000000e+00   0.000000e+00   4.983206e-01   1.000000e+00   4.983206e-01   4.983206e-01
1     3.199998e+02   1.000000e+00   1.550290e-10   0.000000e+00   0.000000e+00   0.000000e+00   4.988051e-01   1.000000e+00   4.988051e-01   4.988051e-01
1     3.209999e+02   1.000000e+00   1.552303e-10   0.000000e+00   0.000000e+00   0.000000e+00   4.992897e-01   1.000000e+00   4.992897e-01   4.992897e-01
1     3.220000e+02   1.000000e+00   1.554419e-10   0.000000e+00   0.000000e+00   0.000000e+00   4.997742e-01   1.000000e+00   4.997742e-01   4.997742e-01
1     3.229994e+02   1.000000e+00   1.556474e-10   0.000000e+00   0.000000e+00   0.000000e+00   4.963583e-01   1.000000e+00   4.963583e-01   4.963583e-01
1     3.239995e+02   1.000000e+00   1.558493e-10   0.000000e+00   0.000000e+00   0.000000e+00   4.968428e-01   1.000000e+00   4.968428e-01   4.968428e-01
1     3.249996e+02   1.000000e+00   1.560513e-10   0.000000e+00   0.000000e+00   0.000000e+00   4.973273e-01   1.000000e+00   4.973273e-01   4.973273e-01
1     3.259997e+02   1.000000e+00   1.562546e-10   0.000000e+00   0.000000e+00   0.000000e+00   4.978119e-01   1.000000e+00   4.978119e-01   4.978119e-01
1     3.269997e+02   1.000000e+00   1.564560e-10   0.000000e+00   0.000000e+00   0.000000e+00   4.982964e-01   1.000000e+00   4.982964e-01   4.982964e-01
1     3.279998e+02   1.000000e+00   1.566601e-10   0.000000e+00   0.000000e+00   0.000000e+00   4.987810e-01   1.000000e+00   4.987810e-01   4.987810e-01
1     3.289999e+02   1.000000e+00   1.568628e-10   0.000000e+00   0.000000e+00   0.000000e+00   4.992655e-01   1.000000e+00   4.992655e-01   4.992655e-01
1     3.300000e+02   1.000000e+00   1.570693e-10   0.000000e+00   0.000000e+00   0.000000e+00   4.997500e-01   1.000000e+00   4.997500e-01   4.997500e-01
1     3.309994e+02   1.000000e+00   1.572805e-10   0.000000e+00   0.000000e+00   0.000000e+00   4.963341e-01   1.000000e+00   4.963341e-01   4.963341e-01
1     3.319995e+02   1.000000e+00   1.574865e-10   0.000000e+00   0.000000e+00   0.000000e+00   4.968186e-01   1.000000e+00   4.968186e-01   4.968186e-01
1     3.329996e+02   1.000000e+00   1.576897e-10   0.000000e+00   0.000000e+00   0.000000e+00   4.973032e-01   1.000000e+00   4.973032e-01   4.973032e-01
1     3.339996e+02   1.000000e+00   1.579021e-10   0.000000e+00   0.000000e+00   0.000000e+00   4.977877e-01   1.000000e+00   4.977877e-01   4.977877e-01
1     3.349997e+02   1.000000e+00   1.581105e-10   0.000000e+00   0.000000e+00   0.000000e+00   4.982723e-01   1.000000e+00   4.982723e-01   4.982723e-01
1     3.359998e+02   1.000000e+00   1.583239e-10   0.000000e+00   0.000000e+00   0.000000e+00   4.987568e-01   1.000000e+00   4.987568e-01   4.987568e-01
1     3.369999e+02   1.000000e+00   1.585331e-10   0.000000e+00   0.000000e+00   0.000000e+00   4.992413e-01   1.000000e+00   4.992413e-01   4.992413e-01
1     3.380000e+02   1.000000e+00   1.587503e-10   0.000000e+00   0.000000e+00   0.000000e+00   4.997259e-01   1.000000e+00   4.997259e-01   4.997259e-01
1     3.389994e+02   1.000000e+00   1.589623e-10   0.000000e+00   0.000000e+00   0.000000e+00   4.963099e-01   1.000000e+00   4.963099e-01   4.963099e-01
1     3.399995e+02   1.000000e+00   1.591708e-10   0.000000e+00   0.000000e+00   0.000000e+00   4.967945e-01   1.000000e+00   4.967945e-01   4.967945e-01
1     3.409996e+02   1.000000e+00   1.593775e-10   0.000000e+00   0.000000e+00   0.000000e+00   4.972790e-01   1.000000e+00   4.972790e-01   4.972790e-01
1     3.419996e+02   1.000000e+00   1.595947e-10   0.000000e+00   0.000000e+00   0.000000e+00   4.977635e-01   1.000000e+00   4.977635e-01   4.977635e-01
1     3.429997e+02   1.000000e+00   1.598070e-10   0.000000e+00   0.000000e+00   0.000000e+00   4.982481e-01   1.000000e+00   4.982481e-01   4.982481e-01
1     3.439998e+02   1.000000e+00   1.600202e-10   0.000000e+00   0.000000e+00   0.000000e+00   4.987326e-01   1.000000e+00   4.987326e-01   4.987326e-01
1     3.449999e+02   1.000000e+00   1.602344e-10   0.000000e+00   0.000000e+00   0.000000e+00   4.992172e-01   1.000000e+00   4.992172e-01   4.992172e-01
1     3.460000e+02   1.000000e+00   1.604519e-10   0.000000e+00   0.000000e+00   0.000000e+00   4.997017e-01   1.000000e+00   4.997017e-01   4.997017e-01
1     3.469994e+02   1.000000e+00   1.606667e-10   0.000000e+00   0.000000e+00   0.000000e+00   4.962858e-01   1.000000e+00   4.962858e-01   4.962858e-01
1     3.479995e+02   1.000000e+00   1.608800e-10   0.000000e+00   0.000000e+00   0.000000e+00   4.967703e-01   1.000000e+00   4.967703e-01   4.967703e-01
1     3.489996e+02   1.000000e+00   1.610999e-10   0.000000e+00   0.000000e+00   0.000000e+00   4.972548e-01   1.000000e+00   4.972548e-01   4.972548e-01
1     3.499996e+02   1.000000e+00   1.613202e-10   0.000000e+00   0.000000e+00   0.000000e+00   4.977394e-01   1.000000e+00   4.977394e-01   4.977394e-01
1     3.509997e+02   1.000000e+00   1.615368e-10   0.000000e+00   0.000000e+00   0.000000e+00   4.982239e-01   1.000000e+00   4.982239e-01   4.982239e-01
1     3.519998e+02   1.000000e+00   1.617490e-10   0.000000e+00   0.000000e+00   0.000000e+00   4.987085e-01   1.000000e+00   4.987085e-01   4.987085e-01
1     3.529999e+02   1.000000e+00   1.619650e-10   0.000000e+00   0.000000e+00   0.000000e+00   4.991930e-01   1.000000e+00   4.991930e-01   4.991930e-01
1     3.539999e+02   1.000000e+00   1.621832e-10   0.000000e+00   0.000000e+00   0.000000e+00   4.996775e-01   1.000000e+00   4.996775e-01   4.996775e-01
1     3.549994e+02   1.000000e+00   1.624087e-10   0.000000e+00   0.000000e+00   0.000000e+00   4.962616e-01   1.000000e+00   4.962616e-01   4.962616e-01
1     3.559995e+02   1.000000e+00   1.626246e-10   0.000000e+00   0.000000e+00   0.000000e+00   4.967461e-01   1.000000e+00   4.967461e-01   4.967461e-01
1     3.569996e+02   1.000000e+00   1.628390e-10   0.000000e+00   0.000000e+00   0.000000e+00   4.972307e-01   1.000000e+00   4.972307e-01   4.972307e-01
1     3.579996e+02   1.000000e+00   1.630574e-10   0.000000e+00   0.000000e+00   0.000000e+00   4.977152e-01   1.000000e+00   4.977152e-01   4.977152e-01
1     3.589997e+02   1.000000e+00   1.632665e-10   0.000000e+00   0.000000e+00   0.000000e+00   4.981998e-01   1.000000e+00   4.981998e-01   4.981998e-01
1     3.599998e+02   1.000000e+00   1.634713e-10   0.000000e+00   0.000000e+00   0.000000e+00   4.986843e-01   1.000000e+00   4.986843e-01   4.986843e-01
1     3.609999e+02   1.000000e+00   1.636877e-10   0.000000e+00   0.000000e+00   0.000000e+00   4.991688e-01   1.000000e+00   4.991688e-01   4.991688e-01
1     3.619999e+02   1.000000e+00   1.639016e-10   0.000000e+00   0.000000e+00   0.000000e+00   4.996534e-01   1.000000e+00   4.996534e-01   4.996534e-01
1     3.629994e+02   1.000000e+00   1.641291e-10   0.000000e+00   0.000000e+00   0.000000e+00   4.962374e-01   1.000000e+00   4.962374e-01   4.962374e-01
1     3.639995e+02   1.000000e+00   1.643508e-10   0.000000e+00   0.000000e+00   0.000000e+00   4.967220e-01   1.000000e+00   4.967220e-01   4.967220e-01
1     3.649996e+02   1.000000e+00   1.645613e-10   0.000000e+00   0.000000e+00   0.000000e+00   4.972065e-01   1.000000e+00   4.972065e-01   4.972065e-01
1     3.659996e+02   1.000000e+00   1.647761e-10   0.000000e+00   0.000000e+00   0.000000e+00   4.976910e-01   1.000000e+00   4.976910e-01   4.976910e-01
1     3.669997e+02   1.000000e+00   1.649920e-10   0.000000e+00   0.000000e+00   0.000000e+00   4.981756e-01   1.000000e+00   4.981756e-01   4.981756e-01
1     3.679998e+02   1.000000e+00   1.652136e-10   0.000000e+00   0.000000e+00   0.000000e+00   4.986601e-01   1.000000e+00   4.986601e-01   4.986601e-01
1     3.689999e+02   1.000000e+00   1.654261e-10   0.000000e+00   0.000000e+00   0.000000e+00   4.991447e-01   1.000000e+00   4.991447e-01   4.991447e-01
1     3.699999e+02   1.000000e+00   1.656437e-10   0.000000e+00   0.000000e+00   0.000000e+00   4.996292e-01   1.000000e+00   4.996292e-01   4.996292e-01
1     3.709994e+02   1.000000e+00   1.658689e-10   0.000000e+00   0.000000e+00   0.000000e+00   4.962133e-01   1.000000e+00   4.962133e-01   4.962133e-01
1     3.719995e+02   1.000000e+00   1.660920e-10   0.000000e+00   0.000000e+00   0.000000e+00   4.966978e-01   1.000000e+00   4.966978e-01   4.966978e-01
1     3.729996e+02   1.000000e+00   1.663086e-10   0.000000e+00   0.000000e+00   0.000000e+00   4.971823e-01   1.000000e+00   4.971823e-01   4.971823e-01
1     3.739996e+02   1.000000e+00   1.665254e-10   0.000000e+00   0.000000e+00   0.000000e+00   4.976669e-01   1.000000e+00   4.976669e-01   4.976669e-01
1     3.749997e+02   1.000000e+00   1.667406e-10   0.000000e+00   0.000000e+00   0.000000e+00   4.981514e-01   1.000000e+00   4.981514e-01   4.981514e-01
1     3.759998e+02   1.000000e+00   1.669643e-10   0.000000e+00   0.000000e+00   0.000000e+00   4.986360e-01   1.000000e+00   4.986360e-01   4.986360e-01
1     3.769999e+02   1.000000e+00   1.671768e-10   0.000000e+00   0.000000e+00   0.000000e+00   4.991205e-01   1.000000e+00   4.991205e-01   4.991205e-01
1     3.779999e+02   1.000000e+00   1.673903e-10   0.000000e+00   0.000000e+00   0.000000e+00   4.996050e-01   1.000000e+00   4.996050e-01   4.996050e-01
1     3.789994e+02   1.000000e+00   1.676238e-10   0.000000e+00   0.000000e+00   0.000000e+00   4.961891e-01   1.000000e+00   4.961891e-01   4.961891e-01
1     3.799995e+02   1.000000e+00   1.678452e-10   0.000000e+00   0.000000e+00   0.000000e+00   4.966736e-01   1.000000e+00   4.966736e-01   4.966736e-01
1     3.809995e+02   1.000000e+00   1.680624e-10   0.000000e+00   0.000000e+00   0.000000e+00   4.971582e-01   1.000000e+00   4.971582e-01   4.971582e-01
1     3.819996e+02   1.000000e+00   1.682812e-10   0.000000e+00   0.000000e+00   0.000000e+00   4.976427e-01   1.000000e+00   4.976427e-01   4.976427e-01
1     3.829997e+02   1.000000e+00   1.684949e-10   0.000000e+00   0.000000e+00   0.000000e+00   4.981272e-01   1.000000e+00   4.981272e-01   4.981272e-01
1     3.839998e+02   1.000000e+00   1.687142e-10   0.000000e+00   0.000000e+00   0.000000e+00   4.986118e-01   1.000000e+00   4.986118e-01   4.986118e-01
1     3.849999e+02   1.000000e+00   1.689310e-10   0.000000e+00   0.000000e+00   0.000000e+00   4.990963e-01   1.000000e+00   4.990963e-01   4.990963e-01
1     3.859999e+02   1.000000e+00   1.691498e-10   0.000000e+00   0.000000e+00   0.000000e+00   4.995809e-01   1.000000e+00   4.995809e-01   4.995809e-01
1     3.869994e+02   1.000000e+00   1.693752e-10   0.000000e+00   0.000000e+00   0.000000e+00   4.961649e-01   1.000000e+00   4.961649e-01   4.961649e-01
1     3.879995e+02   1.000000e+00   1.695948e-10   0.000000e+00   0.000000e+00   0.000000e+00   4.966495e-01   1.000000e+00   4.966495e-01   4.966495e-01
1     3.889995e+02   1.000000e+00   1.698174e-10   0.000000e+00   0.000000e+00   0.000000e+00   4.971340e-01   1.000000e+00   4.971340e-01   4.971340e-01
1     3.899996e+02   1.000000e+00   1.700322e-10   0.000000e+00   0.000000e+00   0.000000e+00   4.976185e-01   1.000000e+00   4.976185e-01   4.976185e-01
1     3.909997e+02   1.000000e+00   1.702454e-10   0.000000e+00   0.000000e+00   0.000000e+00   4.981031e-01   1.000000e+00   4.981031e-01   4.981031e-01
1     3.919998e+02   1.000000e+00   1.704553e-10   0.000000e+00   0.000000e+00   0.000000e+00   4.985876e-01   1.000000e+00   4.985876e-01   4.985876e-01
1     3.929999e+02   1.000000e+00   1.706753e-10   0.000000e+00   0.000000e+00   0.000000e+00   4.990722e-01   1.000000e+00   4.990722e-01   4.990722e-01
1     3.939999e+02   1.000000e+00   1.708926e-10   0.000000e+00   0.000000e+00   0.000000e+00   4.995567e-01   1.000000e+00   4.995567e-01   4.995567e-01
1     3.949994e+02   1.000000e+00   1.711216e-10   0.000000e+00   0.000000e+00   0.000000e+00   4.961408e-01   1.000000e+00   4.961408e-01   4.961408e-01
1     3.959995e+02   1.000000e+00   1.713423e-10   0.000000e+00   0.000000e+00   0.000000e+00   4.966253e-01   1.000000e+00   4.966253e-01   4.966253e-01
1     3.969995e+02   1.000000e+00   1.715605e-10   0.000000e+00   0.000000e+00   0.000000e+00   4.971098e-01   1.000000e+00   4.971098e-01   4.971098e-01
1     3.979996e+02   1.000000e+00   1.717811e-10   0.000000e+00   0.000000e+00   0.000000e+00   4.975944e-01   1.000000e+00   4.975944e-01   4.975944e-01
1     3.989997e+02   1.000000e+00   1.719979e-10   0.000000e+00   0.000000e+00   0.000000e+00   4.980789e-01   1.000000e+00   4.980789e-01   4.980789e-01
1     3.999998e+02   1.000000e+00   1.722137e-10   0.000000e+00   0.000000e+00   0.000000e+00   4.985634e-01   1.000000e+00   4.985634e-01   4.985634e-01
1     4.009998e+02   1.000000e+00   1.724288e-10   0.000000e+00   0.000000e+00   0.000000e+00   4.990480e-01   1.000000e+00   4.990480e-01   4.990480e-01
1     4.019999e+02   1.000000e+00   1.726391e-10   0.000000e+00   0.000000e+00   0.000000e+00   4.995325e-01   1.000000e+00   4.995325e-01   4.995325e-01
1     4.029994e+02   1.000000e+00   1.728596e-10   0.000000e+00   0.000000e+00   0.000000e+00   4.961166e-01   1.000000e+00   4.961166e-01   4.961166e-01
1     4.039995e+02   1.000000e+00   1.730794e-10   0.000000e+00   0.000000e+00   0.000000e+00   4.966011e-01   1.000000e+00   4.966011e-01   4.966011e-01
1     4.049995e+02   1.000000e+00   1.732966e-10   0.000000e+00   0.000000e+00   0.000000e+00   4.970857e-01   1.000000e+00   4.970857e-01   4.970857e-01
1     4.059996e+02   1.000000e+00   1.735168e-10   0.000000e+00   0.000000e+00   0.000000e+00   4.975702e-01   1.000000e+00   4.975702e-01   4.975702e-01
1     4.069997e+02   1.000000e+00   1.737252e-10   0.000000e+00   0.000000e+00   0.000000e+00   4.980547e-01   1.000000e+00   4.980547e-01   4.980547e-01
1     4.079998e+02   1.000000e+00   1.739387e-10   0.000000e+00   0.000000e+00   0.000000e+00   4.985393e-01   1.000000e+00   4.985393e-01   4.985393e-01
1     4.089998e+02   1.000000e+00   1.741499e-10   0.000000e+00   0.000000e+00   0.000000e+00   4.990238e-01   1.000000e+00   4.990238e-01   4.990238e-01
1     4.099999e+02   1.000000e+00   1.743630e-10   0.000000e+00   0.000000e+00   0.000000e+00   4.995083e-01   1.000000e+00   4.995083e-01   4.995083e-01
1     4.110000e+02   1.000000e+00   1.745732e-10   0.000000e+00   0.000000e+00   0.000000e+00   4.999929e-01   1.000000e+00   4.999929e-01   4.999929e-01
1     4.119995e+02   1.000000e+00   1.748004e-10   0.000000e+00   0.000000e+00   0.000000e+00   4.965769e-01   1.000000e+00   4.965769e-01   4.965769e-01
1     4.129995e+02   1.000000e+00   1.750129e-10   0.000000e+00   0.000000e+00   0.000000e+00   4.970615e-01   1.000000e+00   4.970615e-01   4.970615e-01
1     4.139996e+02   1.000000e+00   1.752273e-10   0.000000e+00   0.000000e+00   0.000000e+00   4.975460e-01   1.000000e+00   4.975460e-01   4.975460e-01
1     4.149997e+02   1.000000e+00   1.754496e-10   0.000000e+00   0.000000e+00   0.000000e+00   4.980306e-01   1.000000e+00   4.980306e-01   4.980306e-01
1     4.159998e+02   1.000000e+00   1.756635e-10   0.000000e+00   0.000000e+00   0.000000e+00   4.985151e-01   1.000000e+00   4.985151e-01   4.985151e-01
1     4.169998e+02   1.000000e+00   1.758802e-10   0.000000e+00   0.000000e+00   0.000000e+00   4.989996e-01   1.000000e+00   4.989996e-01   4.989996e-01
1     4.179999e+02   1.000000e+00   1.761032e-10   0.000000e+00   0.000000e+00   0.000000e+00   4.994842e-01   1.000000e+00   4.994842e-01   4.994842e-01
1     4.190000e+02   1.000000e+00   1.763186e-10   0.000000e+00   0.000000e+00   0.000000e+00   4.999687e-01   1.000000e+00   4.999687e-01   4.999687e-01
1     4.199995e+02   1.000000e+00   1.765449e-10   0.000000e+00   0.000000e+00   0.000000e+00   4.965528e-01   1.000000e+00   4.965528e-01   4.965528e-01
1     4.209995e+02   1.000000e+00   1.767640e-10   0.000000e+00   0.000000e+00   0.000000e+00   4.970373e-01   1.000000e+00   4.970373e-01   4.970373e-01
1     4.219996e+02   1.000000e+00   1.769817e-10   0.000000e+00   0.000000e+00   0.000000e+00   4.975218e-01   1.000000e+00   4.975218e-01   4.975218e-01
1     4.229997e+02   1.000000e+00   1.771937e-10   0.000000e+00   0.000000e+00   0.000000e+00   4.980064e-01   1.000000e+00   4.980064e-01   4.980064e-01
1     4.239998e+02   1.000000e+00   1.774127e-10   0.000000e+00   0.000000e+00   0.000000e+00   4.984909e-01   1.000000e+00   4.984909e-01   4.984909e-01
1     4.249998e+02   1.000000e+00   1.776314e-10   0.000000e+00   0.000000e+00   0.000000e+00   4.989755e-01   1.000000e+00   4.989755e-01   4.989755e-01
1     4.259999e+02   1.000000e+00   1.778526e-10   0.000000e+00   0.000000e+00   0.000000e+00   4.994600e-01   1.000000e+00   4.994600e-01   4.994600e-01
1     4.270000e+02   1.000000e+00   1.780622e-10   0.000000e+00   0.000000e+00   0.000000e+00   4.999445e-01   1.000000e+00   4.999445e-01   4.999445e-01
1     4.279994e+02   1.000000e+00   1.782940e-10   0.000000e+00   0.000000e+00   0.000000e+00   4.965286e-01   1.000000e+00   4.965286e-01   4.965286e-01
1     4.289995e+02   1.000000e+00   1.785139e-10   0.000000e+00   0.000000e+00   0.000000e+00   4.970131e-01   1.000000e+00   4.970131e-01   4.970131e-01
1     4.299996e+02   1.000000e+00   1.787356e-10   0.000000e+00   0.000000e+00   0.000000e+00   4.974977e-01   1.000000e+00   4.974977e-01   4.974977e-01
1     4.309997e+02   1.000000e+00   1.789517e-10   0.000000e+00   0.000000e+00   0.000000e+00   4.979822e-01   1.000000e+00   4.979822e-01   4.979822e-01
1     4.319998e+02   1.000000e+00   1.791724e-10   0.000000e+00   0.000000e+00   0.000000e+00   4.984667e-01   1.000000e+00   4.984667e-01   4.984667e-01
1     4.329998e+02   1.000000e+00   1.793934e-10   0.000000e+00   0.000000e+00   0.000000e+00   4.989513e-01   1.000000e+00   4.989513e-01   4.989513e-01
1     4.339999e+02   1.000000e+00   1.796126e-10   0.000000e+00   0.000000e+00   0.000000e+00   4.994358e-01   1.000000e+00   4.994358e-01   4.994358e-01
1     4.350000e+02   1.000000e+00   1.798285e-10   0.000000e+00   0.000000e+00   0.000000e+00   4.999204e-01   1.000000e+00   4.999204e-01   4.999204e-01
1     4.359994e+02   1.000000e+00   1.800547e-10   0.000000e+00   0.000000e+00   0.000000e+00   4.965044e-01   1.000000e+00   4.965044e-01   4.965044e-01
1     4.369995e+02   1.000000e+00   1.802848e-10   0.000000e+00   0.000000e+00   0.000000e+00   4.969890e-01   1.000000e+00   4.969890e-01   4.969890e-01
1     4.379996e+02   1.000000e+00   1.805043e-10   0.000000e+00   0.000000e+00   0.000000e+00   4.974735e-01   1.000000e+00   4.974735e-01   4.974735e-01
1     4.389997e+02   1.000000e+00   1.807327e-10   0.000000e+00   0.000000e+00   0.000000e+00   4.979580e-01   1.000000e+00   4.979580e-01   4.979580e-01
1     4.399998e+02   1.000000e+00   1.809550e-10   0.000000e+00   0.000000e+00   0.000000e+00   4.984426e-01   1.000000e+00   4.984426e-01   4.984426e-01
1     4.409998e+02   1.000000e+00   1.811800e-10   0.000000e+00   0.000000e+00   0.000000e+00   4.989271e-01   1.000000e+00   4.989271e-01   4.989271e-01
1     4.419999e+02   1.000000e+00   1.814017e-10   0.000000e+00   0.000000e+00   0.000000e+00   4.994116e-01   1.000000e+00   4.994116e-01   4.994116e-01
1     4.430000e+02   1.000000e+00   1.816188e-10   0.000000e+00   0.000000e+00   0.000000e+00   4.998962e-01   1.000000e+00   4.998962e-01   4.998962e-01
1     4.439994e+02   1.000000e+00   1.818417e-10   0.000000e+00   0.000000e+00   0.000000e+00   4.964802e-01   1.000000e+00   4.964802e-01   4.964802e-01
1     4.449995e+02   1.000000e+00   1.820640e-10   0.000000e+00   0.000000e+00   0.000000e+00   4.969648e-01   1.000000e+00   4.969648e-01   4.969648e-01
1     4.459996e+02   1.000000e+00   1.822821e-10   0.000000e+00   0.000000e+00   0.000000e+00   4.974493e-01   1.000000e+00   4.974493e-01   4.974493e-01
1     4.469997e+02   1.000000e+00   1.825093e-10   0.000000e+00   0.000000e+00   0.000000e+00   4.979339e-01   1.000000e+00   4.979339e-01   4.979339e-01
1     4.479997e+02   1.000000e+00   1.827314e-10   0.000000e+00   0.000000e+00   0.000000e+00   4.984184e-01   1.000000e+00   4.984184e-01   4.984184e-01
1     4.489998e+02   1.000000e+00   1.829534e-10   0.000000e+00   0.000000e+00   0.000000e+00   4.989029e-01   1.000000e+00   4.989029e-01   4.989029e-01
1     4.499999e+02   1.000000e+00   1.831786e-10   0.000000e+00   0.000000e+00   0.000000e+00   4.993875e-01   1.000000e+00   4.993875e-01   4.993875e-01
1     4.510000e+02   1.000000e+00   1.834012e-10   0.000000e+00   0.000000e+00   0.000000e+00   4.998720e-01   1.000000e+00   4.998720e-01   4.998720e-01
1     4.519994e+02   1.000000e+00   1.836321e-10   0.000000e+00   0.000000e+00   0.000000e+00   4.964561e-01   1.000000e+00   4.964561e-01   4.964561e-01
1     4.529995e+02   1.000000e+00   1.838492e-10   0.000000e+00   0.000000e+00   0.000000e+00   4.969406e-01   1.000000e+00   4.969406e-01   4.969406e-01
1     4.539996e+02   1.000000e+00   1.840753e-10   0.000000e+00   0.000000e+00   0.000000e+00   4.974251e-01   1.000000e+00   4.974251e-01   4.974251e-01
1     4.549997e+02   1.000000e+00   1.842919e-10   0.000000e+00   0.000000e+00   0.000000e+00   4.979097e-01   1.000000e+00   4.979097e-01   4.979097e-01
1     4.559997e+02   1.000000e+00   1.845147e-10   0.000000e+00   0.000000e+00   0.000000e+00   4.983942e-01   1.000000e+00   4.983942e-01   4.983942e-01
1     4.569998e+02   1.000000e+00   1.847417e-10   0.000000e+00   0.000000e+00   0.000000e+00   4.988788e-01   1.000000e+00   4.988788e-01   4.988788e-01
1     4.579999e+02   1.000000e+00   1.849693e-10   0.000000e+00   0.000000e+00   0.000000e+00   4.993633e-01   1.000000e+00   4.993633e-01   4.993633e-01
1     4.590000e+02   1.000000e+00   1.851902e-10   0.000000e+00   0.000000e+00   0.000000e+00   4.998478e-01   1.000000e+00   4.998478e-01   4.998478e-01
1     4.599994e+02   1.000000e+00   1.854206e-10   0.000000e+00   0.000000e+00   0.000000e+00   4.964319e-01   1.000000e+00   4.964319e-01   4.964319e-01
1     4.609995e+02   1.000000e+00   1.856453e-10   0.000000e+00   0.000000e+00   0.000000e+00   4.969164e-01   1.000000e+00   4.969164e-01   4.969164e-01
1     4.619996e+02   1.000000e+00   1.858694e-10   0.000000e+00   0.000000e+00   0.000000e+00   4.974010e-01   1.000000e+00   4.974010e-01   4.974010e-01
1     4.629997e+02   1.000000e+00   1.861039e-10   0.000000e+00   0.000000e+00   0.000000e+00   4.978855e-01   1.000000e+00   4.978855e-01   4.978855e-01
1     4.639997e+02   1.000000e+00   1.863326e-10   0.000000e+00   0.000000e+00   0.000000e+00   4.983700e-01   1.000000e+00   4.983700e-01   4.983700e-01
1     4.649998e+02   1.000000e+00   1.865608e-10   0.000000e+00   0.000000e+00   0.000000e+00   4.988546e-01   1.000000e+00   4.988546e-01   4.988546e-01
1     4.659999e+02   1.000000e+00   1.867859e-10   0.000000e+00   0.000000e+00   0.000000e+00   4.993391e-01   1.000000e+00   4.993391e-01   4.993391e-01
1     4.670000e+02   1.000000e+00   1.870060e-10   0.000000e+00   0.000000e+00   0.000000e+00   4.998237e-01   1.000000e+00   4.998237e-01   4.998237e-01
1     4.679994e+02   1.000000e+00   1.872440e-10   0.000000e+00   0.000000e+00   0.000000e+00   4.964077e-01   1.000000e+00   4.964077e-01   4.964077e-01
1     4.689995e+02   1.000000e+00   1.874693e-10   0.000000e+00   0.000000e+00   0.000000e+00   4.968923e-01   1.000000e+00   4.968923e-01   4.968923e-01
1     4.699996e+02   1.000000e+00   1.876940e-10   0.000000e+00   0.000000e+00   0.000000e+00   4.973768e-01   1.000000e+00   4.973768e-01   4.973768e-01
1     4.709997e+02   1.000000e+00   1.879158e-10   0.000000e+00   0.000000e+00   0.000000e+00   4.978613e-01   1.000000e+00   4.978613e-01   4.978613e-01
1     4.719997e+02   1.000000e+00   1.881364e-10   0.000000e+00   0.000000e+00   0.000000e+00   4.983459e-01   1.000000e+00   4.983459e-01   4.983459e-01
1     4.729998e+02   1.000000e+00   1.883625e-10   0.000000e+00   0.000000e+00   0.000000e+00   4.988304e-01   1.000000e+00   4.988304e-01   4.988304e-01
1     4.739999e+02   1.000000e+00   1.885874e-10   0.000000e+00   0.000000e+00   0.000000e+00   4.993149e-01   1.000000e+00   4.993149e-01   4.993149e-01
1     4.750000e+02   1.000000e+00   1.888119e-10   0.000000e+00   0.000000e+00   0.000000e+00   4.997995e-01   1.000000e+00   4.997995e-01   4.997995e-01
1     4.759994e+02   1.000000e+00   1.890436e-10   0.000000e+00   0.000000e+00   0.000000e+00   4.963835e-01   1.000000e+00   4.963835e-01   4.963835e-01
1     4.769995e+02   1.000000e+00   1.892637e-10   0.000000e+00   0.000000e+00   0.000000e+00   4.968681e-01   1.000000e+00   4.968681e-01   4.968681e-01
1     4.779996e+02   1.000000e+00   1.894865e-10   0.000000e+00   0.000000e+00   0.000000e+00   4.973526e-01   1.000000e+00   4.973526e-01   4.973526e-01
1     4.789997e+02   1.000000e+00   1.897139e-10   0.000000e+00   0.000000e+00   0.000000e+00   4.978371e-01   1.000000e+00   4.978371e-01   4.978371e-01
1     4.799997e+02   1.000000e+00   1.899390e-10   0.000000e+00   0.000000e+00   0.000000e+00   4.983217e-01   1.000000e+00   4.983217e-01   4.983217e-01
1     4.809998e+02   1.000000e+00   1.901715e-10   0.000000e+00   0.000000e+00   0.000000e+00   4.988062e-01   1.000000e+00   4.988062e-01   4.988062e-01
1     4.819999e+02   1.000000e+00   1.903978e-10   0.000000e+00   0.000000e+00   0.000000e+00   4.992908e-01   1.000000e+00   4.992908e-01   4.992908e-01
1     4.830000e+02   1.000000e+00   1.906263e-10   0.000000e+00   0.000000e+00   0.000000e+00   4.997753e-01   1.000000e+00   4.997753e-01   4.997753e-01
1     4.839994e+02   1.000000e+00   1.908515e-10   0.000000e+00   0.000000e+00   0.000000e+00   4.963594e-01   1.000000e+00   4.963594e-01   4.963594e-01
1     4.849995e+02   1.000000e+00   1.910702e-10   0.000000e+00   0.000000e+00   0.000000e+00   4.968439e-01   1.000000e+00   4.968439e-01   4.968439e-01
1     4.859996e+02   1.000000e+00   1.912971e-10   0.000000e+00   0.000000e+00   0.000000e+00   4.973284e-01   1.000000e+00   4.973284e-01   4.973284e-01
1     4.869997e+02   1.000000e+00   1.915266e-10   0.000000e+00   0.000000e+00   0.000000e+00   4.978130e-01   1.000000e+00   4.978130e-01   4.978130e-01
1     4.879997e+02   1.000000e+00   1.917527e-10   0.000000e+00   0.000000e+00   0.000000e+00   4.982975e-01   1.000000e+00   4.982975e-01   4.982975e-01
1     4.889998e+02   1.000000e+00   1.919767e-10   0.000000e+00   0.000000e+00   0.000000e+00   4.987820e-01   1.000000e+00   4.987820e-01   4.987820e-01
1     4.899999e+02   1.000000e+00   1.922030e-10   0.000000e+00   0.000000e+00   0.000000e+00   4.992666e-01   1.000000e+00   4.992666e-01   4.992666e-01
1     4.910000e+02   1.000000e+00   1.924271e-10   0.000000e+00   0.000000e+00   0.000000e+00   4.997511e-01   1.000000e+00   4.997511e-01   4.997511e-01
1     4.919994e+02   1.000000e+00   1.926578e-10   0.000000e+00   0.000000e+00   0.000000e+00   4.963352e-01   1.000000e+00   4.963352e-01   4.963352e-01
1     4.929995e+02   1.000000e+00   1.928779e-10   0.000000e+00   0.000000e+00   0.000000e+00   4.968197e-01   1.000000e+00   4.968197e-01   4.968197e-01
1     4.939996e+02   1.000000e+00   1.930997e-10   0.000000e+00   0.000000e+00   0.000000e+00   4.973043e-01   1.000000e+00   4.973043e-01   4.973043e-01
1     4.949996e+02   1.000000e+00   1.933215e-10   0.000000e+00   0.000000e+00   0.000000e+00   4.977888e-01   1.000000e+00   4.977888e-01   4.977888e-01
1     4.959997e+02   1.000000e+00   1.935395e-10   0.000000e+00   0.000000e+00   0.000000e+00   4.982733e-01   1.000000e+00   4.982733e-01   4.982733e-01
1     4.969998e+02   1.000000e+00   1.937688e-10   0.000000e+00   0.000000e+00   0.000000e+00   4.987579e-01   1.000000e+00   4.987579e-01   4.987579e-01
1     4.979999e+02   1.000000e+00   1.939938e-10   0.000000e+00   0.000000e+00   0.000000e+00   4.992424e-01   1.000000e+00   4.992424e-01   4.992424e-01
1     4.990000e+02   1.000000e+00   1.942227e-10   0.000000e+00   0.000000e+00   0.000000e+00   4.997269e-01   1.000000e+00   4.997269e-01   4.997269e-01
1     4.999994e+02   1.000000e+00   1.944544e-10   0.000000e+00   0.000000e+00   0.000000e+00   4.963110e-01   1.000000e+00   4.963110e-01   4.963110e-01
1     5.000000e+02   1.000000e+00   1.944474e-10   0.000000e+00   0.000000e+00   0.000000e+00   5.000009e-01   1.000000e+00   5.000009e-01   5.000009e-01
